933461
316097
340268
510477
953352
920066
884752
876425
308360
746765
656727
835826
473848
970547
298913
499494
152474
885372
755293
329657
247695
793347
146671
924615
552342
287054
239593
544383
552926
472472
321970
455322
651559
398259
762875
549976
891395
194096
307431
266723
909139
514246
760459
339091
550640
911647
552996
646239
712983
622857
974589
104709
936898
621488
644904
347816
943131
115776
307076
905160
549674
623652
559460
270271
714151
324858
834786
650995
801508
186003
667508
832826
386492
215645
821370
964883
636646
792227
499422
879208
242764
261700
573202
154905
419454
815488
962717
626885
833412
220069
121116
600171
288327
720226
608734
571990
984515
890692
290037
666580
118167
867484
797541
513667
591172
403925
535908
908012
449474
981052
823575
436053
410905
787180
859111
680692
368127
217767
227678
742771
500249
437099
323063
311937
110879
703975
109376
595743
567458
188787
676190
930571
531707
353331
689319
122840
969128
310224
988148
965819
505300
702898
582290
928824
779184
595236
251740
230746
290978
645701
251860
454508
538547
894250
783407
375258
345386
468153
915213
786901
285643
678083
348764
288060
928762
537697
782045
300160
833642
369389
462671
611089
544432
685130
986019
657630
164695
336762
511355
308072
557803
683555
974808
623482
313078
155877
486542
503355
650867
483893
439838
743809
195439
840450
267674
842027
350684
309795
619942
326344
671217
968801
922450
704660
569886
477651
633401
930557
207580
964237
247822
109909
853380
528792
731124
327800
132651
162278
905873
392229
822003
509294
878612
436067
877327
631358
790687
502632
469867
706771
141342
581386
694862
890955
337207
158995
349299
592159
806670
202562
194579
150560
168461
444126
282647
523675
428135
667374
952261
424854
993077
440149
463022
293045
813919
342939
555697
114186
314216
223046
653658
401907
518036
438711
103725
897452
813667
521737
919677
237130
251525
736685
390786
865706
813360
764416
230041
694617
357232
976884
172389
516991
386518
400257
485182
648848
377365
694014
984204
367267
923009
402920
585922
636763
606560
522993
224539
444128
847021
418940
185244
274293
303506
154529
766204
547160
859343
808984
323188
295747
200674
938330
442445
758559
243322
247659
881762
334495
997390
157342
689429
367894
364490
412851
826388
977606
192823
983395
527385
706340
917270
854019
173670
859858
900796
355575
979445
795525
277617
557762
158248
649506
820167
898335
609403
409301
161473
432442
658727
548074
186708
522939
225208
272814
601273
948031
152112
111391
544698
706179
936748
449649
643496
871669
447713
324952
719655
126311
265809
851219
761568
299867
878620
785878
171470
318753
591456
274649
714706
652408
941472
593218
719602
505237
346722
977368
571263
912542
435786
146226
637406
673301
810311
575874
834876
638101
745964
743505
906511
851705
227639
535016
127892
555209
747751
642339
708197
467129
157482
450467
904130
434705
441618
948521
727489
440311
241560
614410
311668
904439
685927
587304
526798
162327
179093
975320
128475
175027
870992
692656
885447
248825
262330
644611
320569
246456
345164
710714
660334
782799
172673
814680
413187
876457
418056
629620
486892
659963
500253
212707
576027
114175
306753
634821
883526
309458
856065
928774
227950
676439
623366
503942
761550
800415
981376
226162
951488
515731
145679
328727
657818
766751
203511
335607
999720
925888
911464
560087
633142
578800
257805
154974
910698
890396
466327
346808
103464
493732
900098
217332
557188
468824
546199
316227
349400
177219
841273
223735
526570
910898
691107
772431
256475
662165
261901
185014
139299
116750
967376
323422
137449
290730
890648
902822
815662
494540
484290
405316
974281
497680
761015
908256
561378
327407
774209
225209
280134
335304
618478
483075
714708
697330
199084
443091
916469
403432
602908
916173
583615
136997
829347
594701
835811
378627
584552
901677
757931
977483
949938
847539
485142
275493
287232
383326
265382
514755
569574
326316
951073
533946
577862
389411
842455
952508
975215
102156
793248
122566
602339
546431
154080
457892
825002
450377
605205
110853
308797
664821
146402
649295
818965
876261
956482
874639
672860
962501
432504
718946
184099
755018
746142
364252
656917
486402
420075
744791
672995
121869
296516
356667
247313
934210
571106
655808
649680
651131
794472
265934
918957
881309
993305
282017
593617
729554
336984
256056
388980
617860
749978
457816
473500
834363
123333
644465
143529
580858
614507
364863
404195
905133
876561
344045
270355
238021
246613
375573
538608
352608
178796
331401
135117
301706
136702
458805
326014
363398
419274
848859
866086
304364
291781
579902
486010
498801
966205
130940
201237
221716
415899
359696
553068
782326
407761
431185
236189
445760
383373
943313
474024
230612
750426
793152
854777
492862
448299
707536
403211
324620
443493
124775
622007
343559
832655
474287
711411
701997
147250
264363
616871
334716
858616
834642
425934
470301
405494
353262
810281
993425
575844
671118
948007
611880
766585
123538
792996
388736
185609
492753
289208
319947
502095
248505
897365
941604
556457
286671
119233
233934
156937
143528
590029
334675
102594
937928
751136
998664
624849
439410
323615
945154
191456
266418
989383
175291
891639
411956
236757
651725
152350
311306
955480
164035
502513
952575
599215
448589
490536
254242
212893
307117
587901
334646
372074
183688
753715
214031
171889
776837
802755
877301
449047
194443
474916
483498
560856
684356
451447
794698
613332
557664
693972
133916
958453
523285
438315
247920
979105
866949
354863
781627
404763
722766
714303
867819
529972
646071
538112
704538
765745
374537
520573
595994
942036
356481
865516
892710
860763
197643
448301
983894
249755
124063
470465
817513
152531
913054
454775
574600
430905
366160
689436
137227
307248
402606
203750
164094
521773
194262
370189
263054
597701
409972
977213
193910
381021
544715
498654
196820
210176
667899
154546
341257
595804
597717
835797
912088
612949
305299
556509
593636
971040
832883
825864
191149
511259
874661
577980
243782
574385
267670
318978
562931
877957
771554
636226
799341
284253
359524
646955
705468
987471
198248
897978
861701
855323
158685
223728
753359
927027
471805
354046
103630
307344
942897
547821
213006
756405
776065
892455
623727
158748
418923
173378
782631
345868
385796
517876
726335
106894
990409
442590
898170
407748
787723
546183
917934
961010
183185
931889
115239
582891
873561
533580
922071
608124
387773
937520
537300
400075
591347
141960
429445
596919
762841
798282
898240
566412
749323
864804
258537
146467
354205
635760
150225
176109
329420
741241
394739
595606
159923
625128
830365
119221
952735
996268
129099
198864
614406
509002
348131
402616
896252
789169
745223
329392
200039
888322
385474
667848
713871
814712
660642
982465
129858
828841
387791
415764
260298
455904
904500
478355
748248
982384
919591
510175
960075
146836
319925
399716
173453
547699
917597
405372
452269
108076
713624
201734
395797
739598
558668
186093
968388
752704
237975
305607
793596
581178
964724
560673
917643
241712
841609
561324
740246
721384
166895
480402
904719
326380
202416
723994
522118
722859
829860
547674
244735
478573
783295
598765
429234
561891
761913
735567
755700
325754
649606
766717
459400
750129
994457
398777
753366
877960
715836
295904
999394
626127
966529
423944
639476
658738
287232
594627
367970
689523
364387
603049
701841
750843
419012
909537
718576
386336
766291
979876
287351
699526
354218
599481
211121
750724
208382
295342
796355
297000
242452
558295
339517
421812
512730
425938
945851
401578
429613
581374
804933
821851
944904
494823
381119
874027
801263
557825
508042
725590
982368
155432
380073
526340
154511
469084
150758
891722
741928
703737
150136
714133
771405
777449
311823
545220
561692
144280
225100
259530
856345
814004
905856
303809
697754
752840
471276
229756
844660
149102
846466
917707
555713
563091
594955
918397
600613
528454
224123
816868
143325
795868
877958
539045
108653
947686
937694
423180
137710
109887
579512
237189
779677
732167
275026
266448
317633
146664
534518
336324
532871
281823
184266
553130
210370
770403
461095
233294
488558
800856
779432
241275
838999
458839
257741
549361
695025
979710
602421
903610
669468
157111
317242
103009
475490
493505
244386
711032
119768
590065
272010
662098
213641
203396
250765
105742
106510
785868
373736
867112
661631
926547
716066
721728
510938
816356
453916
831150
707266
429956
575834
895799
950166
758724
109816
585333
838754
223901
633558
485859
808625
582408
964104
780799
540554
185795
432863
553961
201696
163287
761827
669846
188122
475108
999319
311513
551913
985534
813928
452446
473125
794161
921976
310391
264039
169570
269290
973655
686292
362389
474569
892810
507384
610258
347259
828399
278970
662594
146130
464066
428739
770222
887908
507164
435398
248999
228008
165421
311921
827050
929592
380234
423817
173079
850163
757218
667518
560104
221092
717979
720847
198051
980787
293106
533390
819441
662685
941700
716506
634399
476566
362192
563673
104186
773918
569678
457797
172713
137320
268787
666921
444816
256882
934080
452523
579625
969333
951771
106925
167798
736102
894651
686801
656100
629508
985711
679965
747467
718683
698322
116609
120973
828485
870654
438900
256616
712106
322000
466506
616348
551763
270131
518858
986895
101085
320923
395075
709374
157202
718879
991884
708983
781580
236976
200331
531959
330571
925819
394301
386845
308151
222434
537901
384899
632519
556438
186708
325256
739977
753170
508987
625560
711263
329800
209280
699861
571110
916558
658762
115027
582697
808653
706082
464268
701337
792890
404227
462208
961365
424288
870873
418011
450578
887820
885157
996730
190451
107113
752721
879135
976173
696077
187624
858058
164896
117553
374487
285686
501785
358928
269780
930661
594132
157673
354610
863186
342093
869470
757362
307267
549703
773051
572889
410037
621445
200766
698712
678882
130545
421580
926276
589962
558609
105819
825880
508017
125999
317917
366664
145779
382653
943546
755185
175657
298629
816047
147496
233657
169806
586183
110104
251768
172131
273197
353071
549570
573675
482362
340794
526977
803642
699593
211824
999448
416934
343496
116133
729356
434384
136086
833902
655574
105562
740672
876343
837057
555043
325694
459562
461776
464172
832591
742428
105035
162225
713242
815135
860618
850614
627675
574468
838823
186103
661781
371884
521797
349672
257600
836723
195296
423337
488613
471298
748653
658071
147621
320982
571962
287204
267344
234928
862699
430463
924985
712366
843759
793069
187396
915196
320794
677208
983087
210338
502061
617260
768675
428528
840894
958265
706555
100860
598713
588377
561078
509985
847175
658399
459055
765551
463647
118103
792020
418560
328001
564426
559785
412819
364925
999476
911948
804964
604728
448261
341603
255028
296846
604616
468602
856791
773635
773655
446047
662033
401753
948329
277536
439897
324818
430988
925114
529351
269477
276005
601747
542565
907714
259534
788227
334192
791735
834264
953464
282983
427335
705475
678990
927108
402772
717981
340024
346745
102361
610924
650780
185681
600125
264480
224955
570366
903128
867412
851948
665147
851474
732153
883294
886695
877748
692476
494452
466231
601254
274639
829740
211339
147304
760184
768888
752575
871714
650845
966678
945215
289318
214780
172835
245468
385854
724769
467643
930881
862420
916748
387101
448843
586364
283303
681155
996130
270082
544953
713325
736083
659257
110150
101361
645350
621820
959581
822666
283985
720732
283024
497783
754610
807555
413463
284634
272187
283665
286862
893709
375889
610888
744206
541475
125396
427430
957467
506946
752639
843529
716422
754249
232662
116155
653179
995512
603761
284677
120564
359894
938257
918910
553986
574486
256300
745210
840223
332393
762779
242257
368473
242216
260548
390852
942550
690375
966623
337839
320494
262883
509425
522616
461640
122023
132130
458558
216453
962350
823584
133320
878858
228620
207064
383568
492077
835095
571438
739789
404668
115801
809825
495031
161872
985999
202419
711926
316754
181750
276131
670472
127719
923806
365319
598534
767527
441333
370708
463322
484210
462544
712235
282700
111248
548893
704397
174322
770584
463269
360806
823238
147893
443493
716263
510406
921846
687054
718040
437737
174149
681827
303571
134801
773596
980573
587032
220628
518222
268858
462426
672406
516493
100815
569107
337072
991161
274975
630421
896701
406972
850901
396113
180367
429709
490096
580453
225243
968164
526970
760965
592250
518689
193940
388573
484795
928183
257645
333084
649151
177548
315793
754717
378903
796220
215539
893466
596521
417713
888428
196670
267672
956711
369616
849012
672869
924280
503695
490923
782057
963298
772608
446737
484309
985880
682041
867732
624118
252227
840271
149948
532182
369981
666305
536106
346157
117923
965273
437484
628694
887068
434316
614780
490931
244979
318215
534359
750086
343545
994160
655607
249467
459855
714823
585879
181547
586345
927226
486666
557043
238646
662969
495250
591286
674429
852520
301326
124217
274033
515120
690089
160637
881292
950278
143229
448343
303209
761900
902645
104542
491108
989732
447016
383634
206316
890046
542096
555613
976272
553834
275523
378159
205204
620093
137252
556986
815495
215624
598597
630258
626201
742165
728063
634737
699576
518188
735690
745011
497854
433663
137327
194862
772867
933204
462792
696780
284431
548604
231583
391785
770100
509683
162281
272164
828118
532494
600447
546181
273979
327755
999615
154438
795486
961076
130637
100352
110238
857455
401353
845717
141990
472168
419517
882464
267023
386687
152554
232986
303749
876999
758908
833787
154468
966837
884810
582090
895311
439055
210658
555136
784882
602355
123713
548764
722583
230832
864737
760984
958741
235509
611778
297872
850758
424983
345115
631408
197438
301982
153047
677680
241445
906118
921405
402961
425286
123771
528092
632270
372208
943109
739523
776867
797097
999043
848940
693922
162769
314284
886858
380894
567293
211973
263401
387928
209149
435934
616236
871099
869670
990488
704613
665898
168233
489323
958910
623428
761358
400252
321240
300322
923564
824787
328602
707065
334676
583389
878315
440791
928302
193971
100013
909760
197868
270441
227851
684780
264929
457574
539598
115573
186554
443025
167800
139921
295995
599349
417191
842114
547039
884625
290396
192597
456229
988260
942908
434272
292609
595837
255055
425267
389680
624596
707750
125402
400370
540361
530725
487843
786906
984372
436098
209844
749971
380007
644665
320606
768470
971423
733455
302489
625267
508019
417363
263448
488588
473851
815835
682177
533524
435840
449240
397207
183075
868526
197424
371581
798729
885142
332400
845973
970018
162811
646408
501467
190623
584456
785482
268359
442601
835344
998108
416705
776493
190040
387048
729112
759911
784808
678402
441093
505394
160929
114154
429273
355327
920305
216477
627582
255931
303186
473546
315215
483890
957462
471955
797566
771454
248245
950741
162936
972536
441196
952786
451728
148794
294973
345311
133379
716938
319750
293429
720420
980646
870520
847263
271787
676582
714060
870171
170306
425358
215740
222075
665198
558442
316121
747367
517140
198055
675652
603090
901448
984956
605812
922181
499698
551248
876866
676084
654763
198463
260925
239008
407911
593433
359924
200094
206203
646564
874940
270988
351624
948623
385442
364247
556824
695443
825511
846623
747636
503412
804039
720937
535769
911404
248930
274225
992854
332916
808304
857775
275463
210268
279821
919182
891821
529875
965789
747215
928697
561873
393681
251929
408852
385977
226605
298984
994680
468054
605287
443809
279973
500937
943291
747228
737171
201614
124220
954867
460196
907117
293814
444615
374324
871519
699351
273573
368651
821389
736937
559416
470653
470852
932515
766544
351510
376153
323650
291931
812405
779946
273095
131202
697181
339001
960719
512539
449459
434136
872857
856629
218156
406600
314675
124683
269041
649291
574249
282869
534887
192883
333387
382893
382865
754171
276906
800693
661813
138499
679701
601755
552962
606896
538661
855989
263652
104515
525608
533126
109646
431358
134297
383410
715715
294043
512018
638476
204733
321790
105120
469413
255288
380720
651364
417246
759738
611801
359450
522050
520636
195340
759571
976847
754316
655027
188317
239516
262010
136093
184251
683527
865861
600852
956614
471137
105587
364397
207800
377154
817601
929768
591221
372524
116702
899453
805325
245474
365662
494686
877778
913257
980525
442747
128711
449271
939296
143078
382976
925667
775881
381817
252610
167966
329166
252421
263598
184761
393773
554636
807845
766947
797818
835792
360567
637869
833308
835135
402993
256905
259957
134229
174196
332477
749502
974978
470191
219647
601812
811273
662585
416343
524397
428352
445844
902166
288597
601784
709174
374492
195840
403690
818133
450055
730705
184740
808204
615997
568843
653306
286975
743966
468913
267804
888219
742827
854371
738440
370629
101445
913445
508470
102772
958829
230783
888593
994916
883186
317351
995509
615686
882462
643251
927287
795645
986832
302804
247036
891940
220532
606458
550675
288550
273006
330484
329295
158332
484319
699654
919126
724278
770506
309592
414426
606188
984677
305970
570376
225870
389315
386110
786384
566549
359076
159827
550148
514590
743270
205142
972604
705025
467150
827846
421348
108554
389416
180754
493016
790663
242417
697874
866195
458463
965485
290248
834410
934203
132001
103422
624474
321311
349058
855657
866100
213393
917028
547608
591227
745207
806868
794931
876463
114280
809770
246925
321711
917101
327814
103260
963477
135400
764376
940190
828054
218100
571854
827598
459726
115862
568876
690473
906403
750247
809460
378034
936910
576389
274606
868016
174569
885470
135868
417234
227121
822668
667488
677384
871180
278750
130520
819322
689852
609553
383505
597285
105870
119502
809028
619176
519349
680875
885009
491913
151282
327548
177287
462925
493830
381023
290279
712406
886565
492862
832885
379992
721399
868278
353460
691998
823581
831905
559075
331802
869301
570070
309685
523990
263872
106926
726302
751129
131880
805444
698173
345599
880157
690848
823669
404478
334442
541021
397404
930368
293600
597601
224863
481642
872434
543896
285529
909985
621893
954104
777022
459980
793571
379512
844998
380767
536694
607297
885766
977592
257376
751221
501109
307317
105370
333009
181271
336350
601191
421287
441950
712112
982603
293786
324860
157271
473311
464286
124914
320299
865090
955608
296667
778222
224268
381351
659942
541706
553913
864298
344363
334395
354548
535544
511100
710261
447152
981643
655982
241194
666803
443008
445863
899840
436659
933835
737912
494645
641749
199732
208906
707540
611450
734639
383473
815484
548138
568936
488715
553479
277671
924599
513762
712921
611545
545037
901609
851305
711889
932549
296599
702258
806749
998969
840240
611495
680520
498971
676227
909357
433160
639977
259855
580430
252126
668940
298807
185763
754632
484045
143860
917880
156456
240297
859414
990370
319225
378534
146169
683672
314979
870136
835631
764082
497549
505606
787770
958517
207564
623788
140782
687473
958622
127645
621653
396234
320974
914132
373015
290439
171175
587091
551012
858676
903279
640196
706444
393905
825210
717392
900870
944783
116773
939440
359667
623656
169906
166637
425382
408952
499475
402202
453797
337764
169082
301122
117244
784818
934109
678670
107117
907594
326457
854040
675257
376816
456572
172854
923958
115362
265744
740632
494510
152636
924929
308527
255691
329059
356216
865524
301459
774668
218653
169033
109220
576358
303321
984099
442603
466859
736468
529853
318407
629366
150013
921119
318138
878260
555424
442526
217631
842868
158130
665232
543418
235413
147794
558084
349571
472151
400847
815039
380716
140299
963090
598084
229176
788191
509333
450186
904780
971560
805728
158426
651574
577523
143826
819789
547170
800235
370488
347893
926828
326599
892098
107842
680052
590681
730411
983799
235348
684408
749359
414369
888235
976817
172368
224383
856511
372000
114624
624142
344439
925884
304306
381007
215285
232178
243800
781284
307897
377987
224186
240451
432117
374753
651315
313865
766989
925311
200012
352429
186555
883374
468215
281928
184676
515996
608174
690330
349959
737928
167275
674542
766453
553019
823842
142326
800108
549391
359716
418930
610030
889877
104872
982795
421844
902668
364606
675729
339798
251147
248595
550173
324387
406080
794351
930173
297431
351089
605101
566502
662164
755937
318600
634441
756074
946334
870868
995993
259320
626609
572338
716931
859036
538640
968524
578385
170830
227997
736529
788074
956854
381162
846063
715528
782012
848390
409905
656305
140538
369629
450411
671315
262624
158895
363445
323373
179079
885667
929889
614630
361855
448277
784080
203440
174049
803083
994480
836523
257585
129775
326285
555992
547800
593913
519273
743586
812259
166079
423941
236521
854996
490542
632805
721205
299226
526732
230657
347586
559204
491161
343841
529303
962261
105463
707917
900491
812498
565563
930579
115391
841165
416823
973731
331674
993322
579462
973425
341288
456450
730207
228168
557606
440508
726482
820932
464571
317601
612869
538667
865499
272521
295091
687857
824281
624694
224455
808022
826692
429943
913317
900231
395113
352292
144586
894125
829358
457642
988098
782327
702917
585694
516451
310906
555973
385476
270279
218216
423307
432425
956421
494544
792574
887038
463707
637002
239036
840237
681849
871455
806938
790979
964600
495495
676807
246387
771988
882787
795523
494358
763571
115502
102493
756111
931913
782450
329148
634855
345803
363376
148104
613803
283613
464809
306928
693875
817136
478523
942614
614182
635738
249958
880119
679568
528563
905256
584332
198737
626902
166654
270253
910203
194785
140312
980386
426734
628979
500929
978080
187120
557814
771228
343699
323889
864717
522851
712691
788844
232017
396692
988109
940631
649464
420003
480524
713138
311744
679011
190526
365018
604364
472122
906760
483090
506108
256932
245234
699052
676707
785726
611016
407254
681924
455611
738284
721504
691402
261751
561893
510843
376512
196418
113959
282783
288679
312212
524167
767962
828117
714190
418216
907996
333758
756292
931386
942190
122087
782434
335034
904209
382620
197382
174635
525811
174654
207122
945575
198078
459124
290746
289613
215896
401305
250471
411954
934337
654919
185719
244005
403989
198596
920680
625488
987579
730087
153214
395724
279936
251736
541708
744101
324829
100281
222998
297595
882963
713916
112231
812812
747395
730533
758089
516146
578807
649398
916577
101790
707439
797827
920423
945053
986581
618920
157023
182076
452953
830409
994005
126285
608425
604045
560489
320311
203891
577658
728550
939882
797307
286727
378261
677780
127485
301033
796498
574263
880291
244305
356498
460164
785596
780855
745296
325963
686313
469747
364922
436480
703377
847603
510271
225104
724043
926853
151682
250968
344601
907399
655683
332702
463635
116836
739971
637629
802044
684699
797094
574269
830493
882894
662926
450791
851194
869022
968390
593805
802681
374427
949851
539599
922128
680168
107250
234911
974732
835941
882381
978987
546708
350756
444008
522557
422790
839264
667164
735865
956770
251547
900602
381218
884311
259873
974783
821060
628347
204299
386641
670806
478283
611090
364486
587262
781473
199353
672015
109442
226629
826716
644635
885648
139593
890714
252289
705877
473088
363040
401929
516812
664211
746516
753056
579978
224852
944386
160627
948358
545332
932807
739568
593801
898606
786019
587466
936739
698621
102176
829706
116810
330604
389111
594615
887319
141547
730242
739696
235610
929225
449714
826244
412004
525273
400193
561562
842758
693640
707282
820270
661046
617125
806977
449230
402693
755665
195238
626614
290897
400952
682262
238892
128882
389910
626245
515768
622881
722798
924554
516238
882316
396738
397847
877527
700669
402384
564502
422371
144838
864639
104649
720087
875382
738753
571034
570519
358014
101463
400983
962465
310761
545791
344565
642495
177503
996160
844467
420267
424476
803612
549001
207454
635760
741901
476389
730604
817206
557073
173091
570130
472125
276054
925946
784763
848258
359053
653916
630581
951291
564603
417596
201168
790932
568115
743556
111522
164164
493300
226770
273003
517526
557254
714032
748469
964209
743421
487692
971471
824636
541138
213005
699056
239766
500728
795880
492349
318755
452365
325981
216082
204194
510761
357602
874931
556304
896327
435887
277471
664308
167518
274098
621468
272588
604300
732525
228405
658116
468685
955665
463780
363538
720028
324261
868834
279269
865091
590369
235545
275254
125628
931810
845122
321339
135271
325381
186833
291892
177391
999346
168479
902689
612974
658268
320278
131530
561496
212734
919134
271127
390824
563241
829506
138870
222936
578194
377370
888152
693766
324856
785720
286339
127852
929253
846396
858581
222530
915927
264157
179070
777565
568982
358743
691772
622646
458933
518367
859642
766504
665488
471468
219116
144603
318476
765340
497363
420067
860213
197709
130459
774555
479507
419285
799891
546029
606047
139706
834972
396872
381455
480174
182651
868514
906931
955692
981760
977836
163135
446775
757808
614536
619142
715398
930269
592649
777440
363996
679369
811118
956929
897702
291934
278773
861160
218408
645773
805583
141107
745811
761307
278300
197333
718345
860126
174371
906331
839711
676037
932967
126173
764664
726383
647992
769122
360734
413869
777218
833963
871711
488596
171822
585500
817669
281137
728352
688318
661873
173574
836946
373197
772914
430192
100447
411359
478349
339678
221873
859010
695015
572381
807866
610818
154447
148547
832996
947975
348666
456848
465704
799725
933006
501970
844434
183506
531423
456073
522997
599713
338117
698999
354678
851281
349367
665486
204122
322774
307751
555035
608957
771828
107757
935447
798034
213115
674420
687895
693627
592412
181108
526895
789157
601794
982391
174313
964698
511508
237529
572782
131037
135603
681673
333266
957517
714669
669878
106258
899402
232301
640450
109478
448292
415423
629838
972164
742840
338473
736339
399208
368690
167839
122417
186425
678706
749350
250399
133526
824878
169123
388276
552941
327651
101473
978196
644430
671016
476570
998012
368146
450882
245277
615904
146075
563402
526866
281275
261811
253502
934126
656297
952009
566719
298439
919102
432470
504316
958230
677314
521083
642768
290410
190212
577107
842411
234553
917843
558579
108683
629318
855261
432373
143075
628032
395577
705929
894125
175227
271435
806682
362663
213456
537696
271513
732444
273468
460478
700021
719464
457629
740825
538200
402643
886711
394761
523747
857309
796662
797612
986025
593701
563322
884714
328701
239961
887770
888369
439826
809894
784475
956530
428676
584697
541713
228421
561070
565735
900185
140161
247119
264463
765734
503186
421184
286497
331735
307739
418599
531709
838580
315765
197866
640015
488984
132662
391818
681055
820465
722623
408998
624424
129105
394704
558798
680698
147448
800545
171513
389763
379628
169205
879368
918787
421392
566113
258045
972500
556732
720757
114034
386263
599428
280772
505869
174851
234861
401384
714126
557920
123745
195561
432600
344257
637683
367162
168599
503997
499374
263081
418750
729834
369873
568313
821941
524469
274935
587280
439051
625726
565804
996510
952633
180563
284870
215366
961339
181280
700443
809154
644831
897421
696720
399704
658321
136264
820563
318118
376588
681084
155310
263499
406065
415072
119874
556260
452872
326412
147972
885590
469361
252618
266406
472591
499536
748045
874929
562045
691750
891742
212780
407561
520122
147767
894860
430817
288003
968307
216971
824614
230016
734837
640124
530706
910641
455388
958596
895470
101796
192357
275235
683373
894128
116629
252608
126931
498309
572085
549791
263617
234663
678737
615180
111752
920437
701226
283286
244370
891814
519210
480207
413360
396446
665246
764561
500357
145430
390797
267196
882517
252092
307367
696181
909558
703944
135115
403762
998424
394573
802544
488013
582300
541821
333294
553684
582097
489729
395325
584141
909467
975106
535938
705185
459345
354471
378001
229744
716061
641113
436259
583091
117217
421953
844460
436450
695128
581827
917288
598419
690122
438765
509332
679757
845836
944138
915219
687251
710665
581442
759080
201746
205177
783444
149375
755752
649821
241230
851253
499565
394552
754961
784090
835156
881663
537508
851107
912809
724070
400784
941251
784901
104445
463809
353942
711252
761816
157713
654314
796520
731720
756715
843420
163541
252516
755271
549824
867024
533708
308292
332831
197696
232419
219480
585678
311823
736238
594786
496992
375387
188432
262061
988751
184715
948060
403463
722463
369343
405319
207662
652617
727129
755011
394783
155921
208103
771074
726476
953919
239600
733593
980661
377703
195267
558884
101135
377430
805276
584693
682187
412536
205676
162611
864121
471507
329487
914013
314189
609783
751728
946593
529214
111822
202439
923888
963526
528420
666860
487356
333466
912114
154483
742399
580881
289189
144066
636049
866062
778034
515218
728273
407044
870770
995532
712691
680829
176726
859734
626428
136617
296941
841579
327441
229043
688114
741696
578012
914546
338237
687265
231326
901739
937943
373295
118740
923770
456823
100345
364397
640596
676133
522005
966650
920661
718296
665430
361336
253427
196582
338465
631958
794447
159453
546799
784159
927117
251051
841660
373315
147016
546563
871795
954513
422345
446762
772817
752937
719762
706450
777036
639563
910033
153983
877215
633164
674464
688179
271868
628507
757465
775005
702932
380794
759598
380305
739539
818059
369752
770515
362340
186887
515718
344718
919812
569514
372675
683496
734028
840860
216394
782805
502270
577092
258423
787084
108209
554557
593793
822949
541860
713987
395801
799690
756604
808678
603661
840531
583973
857151
856533
180766
824896
831690
294205
129597
278875
519012
998340
674565
948518
555179
862679
871640
543641
787504
188463
806173
133847
153045
154095
103885
834445
569447
515242
289242
794997
772595
463244
370090
694208
992052
426331
194547
108815
572601
537419
884225
684114
575981
657758
409871
120840
446143
508253
616198
784083
684194
236517
636657
793487
374719
359242
251906
614636
367076
120172
519239
155557
104055
253205
305357
430443
919842
278377
569918
243072
600043
501446
248735
790820
445310
281794
607292
854454
563683
186879
870591
228163
350207
140720
850882
212006
730026
624545
781243
386020
260504
550165
353656
880181
524411
287042
361239
603119
705420
849137
296301
277080
116056
517920
290864
209966
154086
515799
524046
422643
765026
168051
342602
432898
200896
342576
893487
894265
312634
649039
877251
481197
919272
458350
344464
324319
855329
732905
655649
654471
580114
992946
918466
849724
716334
290616
315577
810279
609834
633449
359776
890786
668444
493013
516844
319157
101267
750614
584559
390769
895683
223077
655176
642775
965699
517661
987853
961254
249740
697230
637621
959673
296388
521878
368594
280423
844519
258701
929254
976448
318231
909452
723097
807731
456620
526403
223151
145501
740000
707230
659815
221864
275704
570253
851972
233126
286989
146241
304724
782257
468000
751989
903327
821557
818821
609895
371512
674345
593827
246435
967761
963351
395732
683799
909463
559853
794642
118160
437713
410236
529788
842587
740396
433745
298799
895020
390395
566150
850500
773155
706651
709581
404039
605098
768194
579501
791972
526846
212206
167023
296614
410472
225421
253392
870830
416233
804321
662035
369605
311597
723641
417698
592185
123759
898661
443345
885353
652187
582767
694772
295704
834981
936438
571129
508320
241712
183624
627295
193310
607030
818216
730425
957626
951637
558825
856095
373073
706410
485123
817648
120192
327331
803913
360262
888272
467983
131953
432271
321463
287577
148128
749299
362095
234785
119109
775255
165132
489773
183087
604449
704156
363144
457687
308866
715432
744280
359341
807797
189629
966608
838761
776798
491380
777473
837620
698712
877573
286871
274950
804861
676800
335597
133042
498661
593198
361229
304153
326392
160147
944291
532585
227476
644234
581135
909581
991292
152036
454608
776574
767212
423383
353652
800563
922619
725803
644517
134251
873360
992355
460315
122207
295183
877568
811964
780226
883122
801531
357749
752854
410774
230722
860953
638534
262996
910023
338092
335783
573629
836748
458180
881481
923292
189332
451752
170290
749381
230006
165615
402885
745041
816609
183769
956210
366741
940520
476652
669059
844823
266116
786763
787148
326138
648773
401296
691028
326841
903606
922451
211486
242085
817405
102410
680124
518944
752336
462951
226336
614955
809255
343178
245001
149501
770600
898565
979527
721871
714053
829125
247994
985759
453228
251348
229194
382022
645209
470965
507339
255888
148389
661026
547089
455681
816698
895535
201263
958834
305154
964050
347169
405698
683039
856073
870039
861416
654627
855801
834141
386746
556487
954494
908308
176613
574288
684144
916902
286077
228728
424908
366242
416786
251156
621405
917516
915838
200578
643531
162718
658992
331372
664429
389437
371675
662889
301893
300252
340738
171464
834417
293649
961172
855242
583362
322381
790189
329587
564359
556559
109000
469131
525084
428168
723992
134093
643120
293962
774088
391802
193967
671528
277539
971412
398545
857387
237209
439804
697126
476426
857511
862811
155639
832273
784391
641072
169378
316193
603722
994654
888450
435527
654224
380680
371601
206119
310619
275078
432249
571447
457686
368085
152340
114565
862660
497009
141428
518991
372326
339869
490986
942676
983495
562755
977009
413340
212120
411757
252346
839771
291908
223571
256839
618229
817519
982312
486618
835243
727325
912084
493631
378032
210733
353850
241333
793391
596903
606915
811323
263375
599754
780359
835471
496519
288898
990569
856254
211172
849162
862597
331602
635336
766180
102340
133404
425340
942721
648548
469758
218894
811472
996309
687310
807004
423154
637764
858040
271410
317653
643153
850733
433057
484007
565849
778486
572807
139547
396647
669733
698385
991631
856673
484971
892235
268516
566077
408455
203290
980593
671084
742640
840583
371589
605806
992709
978332
196987
316896
383081
186601
284439
994974
174018
953418
414499
819937
121618
343373
695334
645401
180053
712931
319630
334149
570223
941276
742436
915728
164792
414183
776921
127831
157408
252980
765727
741415
674025
872485
865761
526106
918021
956309
702512
906152
702612
556877
332057
462188
800837
238508
114460
661117
747126
370991
530286
542280
929207
269350
892754
138956
429025
590266
191548
401087
729017
419859
940110
437211
284972
349805
123988
989192
716405
604481
874489
105679
383302
478960
615318
245183
228393
836608
301145
341513
920446
119674
849878
586970
837971
473204
285676
879432
934055
457350
657280
733486
915934
664668
713753
281660
246880
957718
952712
762038
105175
119179
673253
984804
937737
905787
636980
845956
504172
666807
501767
901333
888867
553353
723810
615808
813692
793786
631943
689382
659783
814274
566653
962832
250045
874524
707113
286000
252652
595616
890579
154295
491449
856731
364579
854645
627792
620049
131515
378643
837352
675637
755092
179441
802196
716137
596487
985722
849941
981262
502818
326485
260844
845516
837627
142731
295389
959964
303878
265901
952012
282665
658868
791764
209711
666789
504461
752667
471411
530866
533390
944892
677549
592073
758182
624421
177353
583663
298515
346365
502171
713369
111729
947709
387717
418879
930152
489512
719780
783122
438580
303402
366511
429269
633389
779689
917967
550398
127948
559114
266903
318483
436975
951207
705784
672492
288777
400439
459281
953782
210035
665544
149304
931621
838638
620151
467639
201154
898330
145396
443725
733166
124419
386092
237015
860312
948116
519819
359949
184921
861051
757030
397562
153004
667214
390874
320954
607858
561527
240328
397223
820118
350383
808463
437992
860956
714205
204731
357387
623486
265906
416710
469888
863904
142598
332756
760037
158597
217496
805688
642061
232065
477128
725165
127718
338379
761638
327209
197469
616130
444445
230980
694632
619312
455050
695467
125631
437114
657567
333194
577124
815550
511882
213620
204808
195554
760636
465300
714590
424654
348138
786194
931961
591860
192098
735924
189404
704166
451669
917042
493564
638049
180951
954225
625293
542396
640908
423860
237198
116557
744372
991751
942949
128182
812277
783599
703307
678594
564144
914206
665251
775345
178745
575812
594623
550983
653107
882826
929385
739376
361089
812361
528315
365420
594862
506857
701167
407732
513696
718136
143386
968849
696830
259254
413403
450669
932273
155720
284477
358527
757393
308824
991100
153928
913841
222462
534329
574155
835849
820301
428383
545683
714341
515420
816477
305554
978413
333587
811560
117344
122883
682427
959714
884276
613545
487878
567302
757001
722198
384295
983020
158184
147471
463280
464094
261322
484377
345667
830856
442599
438267
351752
797938
138598
884488
822779
531374
566998
624390
362707
528256
724416
804876
910439
819968
882370
598742
567938
958625
445449
217672
851231
622502
829760
465903
273540
531200
264754
466889
603825
255099
913020
278201
197459
910565
937745
289321
472654
965939
195055
596939
501422
197804
659317
278177
835254
599616
345592
770006
334435
214717
255204
730880
352918
786246
285849
900258
216507
357608
503759
612271
669321
370246
289361
538137
326626
655598
940545
174203
280062
317250
264110
318916
667765
723273
332192
256992
929843
378624
106651
190530
703402
477011
949619
409724
126360
359974
446409
849826
370655
529175
223981
790338
214739
137053
500648
932019
917170
496950
742554
242710
547225
313375
933318
517363
410774
534973
137971
874753
693976
158085
303374
104721
345313
705646
938450
520665
194464
474222
993968
907412
947281
407138
124462
819036
254718
237589
824814
461690
874308
204400
589493
825237
715918
416116
730931
395195
608349
130671
582983
276802
794523
308757
292055
993399
926404
282961
356730
657977
687771
835070
556760
315469
413351
763981
205401
400103
631078
540084
155784
559966
439692
777650
988095
225233
946261
663147
317583
968047
857180
914043
366958
587886
572096
533240
219291
570747
646845
638286
149228
947419
254481
540882
578010
197542
154108
183213
136916
616041
402997
499612
581138
489932
368291
649230
175609
656084
716110
207074
525366
182930
135414
456264
351373
295413
833332
821085
798348
681997
925472
521337
457860
444222
869021
452788
163406
872897
103483
441777
573272
948355
646570
872861
315508
145170
514246
159920
554214
438792
174070
298028
573800
637339
478530
444545
823429
853895
237107
735940
617843
579183
590004
233073
165694
690706
533695
332771
484125
310567
752972
183486
616876
814636
223819
126634
354858
530876
671494
336194
598383
467921
122652
380176
943931
983314
546619
212242
933124
541106
201749
339347
810743
165267
372875
476016
204408
924738
285998
936395
190567
987585
934471
453819
133270
605303
687405
995086
629236
465471
737715
918254
996605
208996
732953
409066
745727
430738
812143
109720
346057
325621
129856
128432
371759
155156
314332
395355
239431
687260
221749
950317
187628
796566
537652
653077
617951
267548
565299
803972
159498
999305
296827
349683
375165
930801
465254
133377
482022
440011
751827
756685
416660
915672
613609
316877
698912
343811
576658
238856
258557
344309
654367
359793
650764
239379
735062
493089
388987
565865
261752
815321
802395
577799
382802
124558
549001
617592
295506
255781
659294
492570
834716
669945
105643
699023
117489
695168
610631
557656
263206
575088
585845
106136
377428
244718
656763
577056
241158
999914
462025
434709
193921
250717
807369
354976
515125
179816
976757
995643
404569
710478
452081
755315
502183
334647
202218
644083
222340
966730
785104
473941
230826
908328
869867
349111
903372
520758
799360
222214
607489
320238
918250
577404
805989
309897
383835
950817
790136
426966
869772
637445
130519
675999
945100
345795
778837
904025
933129
692902
983890
681196
894807
494863
580808
122948
517745
361523
467887
324308
827773
864871
252238
886024
917521
459943
766100
371356
515404
937574
942443
526830
196607
618320
236965
185905
145634
563724
398099
744819
559409
208490
925260
912602
755076
973070
721340
479560
971622
929232
363037
756679
808341
296423
835768
145505
349174
515716
215963
932018
289978
141300
634666
454471
641248
894431
606808
512601
772358
989549
886116
831149
254039
182602
293694
806304
481801
370276
188999
885003
446540
379920
927315
462931
785479
324261
104071
846366
201582
846144
284324
805389
598056
189533
395903
439688
116072
414953
865303
706146
853411
632250
228822
406410
491592
692440
585915
228168
572830
859555
122306
617219
753471
473793
723855
493740
508068
412382
708686
972270
979772
878614
526944
758591
768447
453825
146013
556820
377836
443882
715829
375590
754433
804882
739657
705675
660799
788552
356955
782654
457629
773613
871676
559329
201241
641157
721146
565841
931494
110455
506746
387598
350016
322685
407503
658450
933086
875363
842810
532880
577128
596907
714609
120853
725785
157350
488629
130488
865684
368566
404461
497455
392587
983354
423646
434966
869485
525572
968252
747360
291423
304100
401574
841606
830217
646949
165607
906288
922840
578242
222743
531887
307492
598658
687420
950925
378239
985350
995876
471683
177344
111803
103491
894109
120568
771726
867244
731628
787674
876678
692493
801194
153044
315273
910735
915422
623668
594051
909614
391414
936941
287164
966072
300335
107911
265046
344634
981100
857897
783577
472298
826379
121734
360316
133460
767340
311219
429916
346692
608238
963840
274847
184435
661814
907138
666081
804782
109859
932475
201204
816264
128909
391018
650097
608789
161083
642164
253971
940291
186535
965902
675101
832609
678885
333401
414867
308013
799941
242343
544347
379559
782010
123998
867871
412312
814056
516416
357843
260466
200585
140421
389237
882330
733190
952171
723984
381511
959968
913452
838078
741288
766940
389263
484924
522311
269149
252482
255704
727333
340059
755633
374295
723608
999587
115254
183636
482584
748266
456732
870600
710004
660417
150258
497118
647746
329986
267705
760434
430491
422049
283476
398904
653526
544200
967009
210286
396151
534019
351262
971175
424762
388892
112592
972097
641182
711242
231629
101359
188485
944682
597954
718337
656900
628980
569047
404510
879606
878137
738911
641058
574118
986399
916150
203302
903948
983645
242227
452813
174510
200911
206548
878474
235686
869716
652486
966151
468123
899385
619179
953731
707494
263780
807849
866857
604035
517614
930521
997555
238991
478270
334332
191749
659033
568465
785958
668125
662163
726881
828160
741620
620282
331326
136969
264059
912708
476553
183099
998543
253504
364770
269023
957930
947212
524653
912350
325349
131222
147013
568154
945326
108777
469357
325706
229373
978870
180663
425778
193790
743990
857434
352429
681019
762603
333152
495632
392327
354933
853264
927296
179075
598748
587883
281033
101406
868559
349854
943999
511367
399251
965221
780892
790413
685605
956679
600525
272940
277128
476886
809718
633282
288865
665005
970006
621403
398465
476579
194614
551799
125399
140099
769603
900426
563282
826299
641587
319537
800787
539823
523652
890326
629720
783941
172626
195436
444924
421429
934244
605871
595986
316075
787357
615256
756282
167334
331490
453006
197670
680213
353450
480458
511704
488952
111720
493994
590462
500047
857998
372500
364404
268499
409659
734908
166134
890956
781176
805046
159021
369465
695051
241781
911946
453463
114176
748649
479784
260175
423171
553390
346591
505986
871719
563599
380827
643875
315182
291380
731395
383143
965965
322744
532600
206513
872395
507411
365571
406609
546694
642441
566373
358619
767197
905813
453750
345314
283142
103231
642796
801187
114727
115641
845240
470881
837147
745548
178238
600946
917208
200061
470580
727321
788505
182444
923077
901542
173246
987380
438734
459618
930618
769281
528675
117092
694128
620302
469028
198848
651533
789793
696611
303655
787606
566130
677535
596653
879701
931105
580197
674840
358309
595645
121443
580137
310755
208648
204179
628431
496914
143298
568112
498343
263504
694612
506640
535211
344298
619536
856473
723208
490322
633534
481520
835844
834612
568561
583240
767853
975786
821301
655618
755442
621173
345545
828561
764080
689426
202125
418957
656428
469758
993578
784468
372037
637345
966464
475221
697838
889305
205348
559202
547589
103888
879669
995755
392514
659699
327337
417749
782993
674918
516675
699084
404849
331796
665157
983006
908807
387035
347659
791720
545734
801614
267334
291674
226470
952868
207666
422648
286938
342459
284904
584920
547718
561151
753569
605612
862039
438452
264098
222052
986516
889434
470398
686829
114262
119624
511078
730669
411852
419559
561138
224648
594881
951245
335349
346117
686534
168592
308126
932487
736716
834181
638990
865850
429971
841778
281851
371817
487782
319679
601139
887710
362220
672697
533510
365416
258705
819127
461571
819514
627882
224286
342749
444224
326123
582079
967568
349847
729137
726821
373375
137651
893919
104651
973376
118667
997083
947641
749783
386143
816919
718577
825357
239385
839738
310349
226174
922314
420726
355671
432148
373304
682225
822149
307690
552192
893152
335071
704839
534202
400953
215788
889625
833341
335363
886159
572534
854415
318954
353486
459107
895338
862479
472996
170299
550278
263958
499477
914302
615296
866392
444448
287711
931598
381182
954119
554232
946045
416600
570335
614388
720293
910576
235086
611630
170285
844540
312913
498053
842669
720740
558960
652616
877534
288228
172178
994074
422850
686277
280157
663893
258999
593562
719647
390071
465646
734127
869764
334799
653546
175762
353503
950339
471983
164967
439928
646158
207139
818494
854702
355086
780076
693048
367892
668646
616176
876062
864490
665825
457131
933303
656220
194941
875380
597775
928284
386309
660675
111485
805266
186481
261904
161483
248748
710409
168964
596150
329918
323363
828996
264140
210595
566660
249291
209695
809456
518207
215180
583289
568522
219203
484445
912685
663093
219868
495109
103186
689973
280399
758427
695976
620594
602147
217957
351586
679859
228392
493217
835580
458804
624634
579584
970684
173371
749816
182484
239999
718959
335938
818724
258879
843303
918880
759663
728747
204783
913804
833925
594150
519543
556457
331218
982289
652487
609372
367600
857702
540078
509605
207566
124427
756853
520645
170450
639251
816357
802542
621510
331140
738123
522554
141067
714282
440724
564588
175849
457181
613547
587063
145566
905714
553134
501127
650090
802902
878474
122168
579599
406902
789341
679397
469677
637539
792706
445924
974774
450239
612785
108907
650848
737732
167657
849318
295699
607954
532523
537155
516681
383258
227489
659807
526225
889168
938188
673348
604189
292691
447308
742975
112377
678010
877923
146767
327713
981937
532131
824096
943777
575843
273216
986615
395626
174228
511605
748349
635324
451637
781536
633077
402103
645548
718025
361955
721462
485425
523195
844464
337926
659735
101351
834697
710764
246756
679865
506705
328178
799337
817753
690258
561621
870710
368186
761855
423916
281261
103380
802311
207007
867796
492551
975322
126546
993668
587697
614331
902134
393464
842780
193400
424661
796414
207871
742644
968768
702208
586927
602036
690447
346828
582027
522323
976169
625661
380906
265749
172299
618739
991141
647837
241413
915119
413663
909106
713834
675047
867640
424701
612547
311806
556875
815371
429603
829769
305584
500155
711523
149704
645046
636687
807359
340979
214443
554785
674363
518950
963182
218037
854218
885764
312853
206824
974230
289873
767986
847089
289264
156569
594468
502268
765803
482283
735681
227115
991838
363483
253504
268576
747085
737643
805767
602318
359352
629480
572099
366542
243685
513001
556535
376399
406113
782238
590124
406830
818039
572499
783686
246591
495893
568837
935107
554992
267134
448347
721630
979548
863569
434196
108582
630650
963834
479947
143737
469377
421012
826476
224322
545185
755559
977370
646768
233619
686691
188412
956173
707670
238586
886623
397032
199729
816816
685149
300595
252867
813017
480709
213216
402919
654640
171278
230528
868252
960451
778077
992539
142774
565099
676673
567602
240838
177204
841139
595376
340582
921130
741300
834879
871025
413811
271745
813415
787810
540997
511932
540764
804502
233880
915516
406288
181264
291844
958569
381263
876783
441061
171991
586165
334342
550247
419951
902830
289004
428687
355278
302171
417751
820319
304316
327928
350500
845583
592893
300144
556956
406421
408692
786763
374989
864993
541314
107053
152925
142254
981365
871756
647268
532209
756774
322867
644527
226774
440136
305108
646240
237449
509347
324705
831181
135457
411891
370823
600114
332223
976355
279721
649133
427829
874385
844255
546737
178696
631075
321625
649895
743074
486165
460772
704791
302887
191919
374813
593528
658383
991012
333277
623097
122864
437354
280286
732111
278688
313872
155015
463694
257777
416389
148877
189234
867816
830456
547624
846005
821587
637472
750666
950885
956815
114400
923230
534787
916180
717408
249309
506317
282574
990086
559045
114799
122581
497453
287923
740608
655142
511681
744375
397531
459369
100817
204674
519487
816351
952230
632205
482653
862748
172941
419359
650907
985567
964860
242944
813309
937976
838743
306040
349556
601792
485705
348365
269239
211086
953473
403797
556602
961947
807376
254330
709112
479581
150215
112361
976223
596150
194157
188315
670890
274399
760923
476472
196374
979996
342566
432175
558400
418420
608459
761741
157067
849149
351815
853106
973324
897151
755535
220437
706390
735328
903594
382722
542092
815894
429198
306845
536463
232902
842445
562000
558397
327566
680714
369118
368486
620916
117315
588827
577717
635568
918196
823803
992669
641078
801181
715107
522361
528988
151193
150591
504096
837548
634317
570812
106190
161739
532446
230614
491577
196050
235068
530040
501424
708377
166963
312604
334864
192064
187956
630711
783591
123496
235472
231230
267676
964419
939450
100693
326246
858466
383354
161004
254489
759182
696900
631683
928204
443120
849442
349823
895869
289076
363664
885772
320658
855674
376966
699177
658561
383356
890412
121752
372212
963168
685011
478336
269015
799424
441214
320960
580548
610126
426398
500509
132459
307594
732829
582823
576795
790616
425099
145342
972345
580130
938309
542805
239526
470005
249776
631077
232327
971871
144452
744937
298297
575325
959161
842103
545741
360925
346448
157401
846130
952509
606347
897267
960139
350165
461424
423024
395402
148370
582413
227258
405378
585014
471545
782052
343981
446759
324274
977667
955013
875982
544109
986913
362780
133948
611502
169160
369743
524781
566365
155378
940662
712577
287804
996198
636339
333097
203929
781760
197045
619415
109223
506783
473653
911332
253871
533109
106548
401348
524550
433796
841687
972114
779636
471129
458029
540405
689485
716460
853175
548200
484824
839743
201393
526385
453931
816653
505163
382274
917813
365812
858060
900508
148118
694498
771326
426288
367713
279216
486532
490338
363615
596746
921052
284943
482819
599580
218337
474220
834027
295907
346156
937457
945183
683983
554762
780837
105947
400271
666845
499205
695512
630512
423982
791986
630439
847316
316486
531120
916095
592712
827943
595433
770964
643607
385543
129592
444640
475880
469418
776479
247697
375692
604272
671145
874368
764413
244987
986537
623295
264717
953145
135652
527693
526866
801902
615688
288840
374655
662890
314419
571834
759683
733736
140682
542913
573969
869567
610331
409972
122617
551957
711815
778640
297165
743210
433633
409941
823866
947781
823955
212949
104445
496605
891482
296927
278973
144950
876611
234771
634847
206816
214263
690582
565899
857624
488225
679594
180696
123490
813880
775342
986569
875188
343762
339853
449409
886362
341081
598212
332477
717640
488772
384773
555897
681046
761775
832492
224308
684481
709262
842080
451802
347583
601289
132593
425999
631367
790558
565355
407095
994111
746173
693666
190755
581204
449770
737404
967341
703515
741677
935929
643430
145032
988834
449640
174700
204464
841624
478790
200569
177086
715012
988026
601823
126285
487272
824785
284469
667636
606345
931121
646822
542233
986476
270326
732596
390218
348152
312541
985092
680120
110113
196469
581464
945433
197374
147456
325990
471777
111383
538078
819771
805728
827264
205837
704747
127870
459140
427825
636049
475463
125560
703026
872063
872539
112130
791204
318141
108494
266366
917132
725958
643740
622992
234961
974273
394100
615686
755211
470630
184048
360084
312385
209661
288828
228938
630181
640155
121288
920486
946521
667747
115940
873316
923079
111217
844149
921206
695906
397202
911369
522374
739081
787551
733424
951307
284497
930889
379372
287392
928990
300336
560997
226066
450088
455061
317748
372743
281345
530354
623105
871952
576919
170162
282600
197561
744603
964096
937240
792756
149117
369553
805364
973886
973192
132923
876063
129444
273507
503542
757939
982880
529269
148176
304654
716454
180215
296241
376647
217680
536159
309871
421019
197818
658137
276163
117481
308058
350645
432021
259062
932542
566929
979721
202460
909720
580071
663714
643534
692315
688321
686636
188988
258617
793229
945627
995272
879585
243557
212388
934985
418754
236756
709125
437416
435139
401007
208410
840229
824652
714891
792905
977706
756219
400740
641156
461500
869417
426517
914252
955733
423986
136212
582311
283189
661076
906595
693959
650826
507977
890224
969525
502118
728914
875766
385405
570154
130116
392412
122277
917340
413501
565035
254063
459136
932059
313614
583016
214107
993862
578964
719309
167869
901290
975296
604751
832460
761544
818432
950495
765796
553372
748087
308675
754086
739020
949043
328554
619273
167733
130937
870435
148778
512349
739648
762273
570896
820957
629049
865765
349360
211760
836540
960184
776100
126004
214928
888163
518919
759016
510666
841850
942446
198173
460524
224587
657706
595372
995834
610891
198223
289921
782765
900023
296365
254568
624234
498705
521997
549607
158930
331645
985813
643136
638150
526864
829728
900023
962510
700545
242721
848977
696586
978362
479782
776251
510483
445124
658499
763600
383808
156930
170027
652851
192801
271009
877937
366345
945767
651948
257425
449388
536137
507359
252265
567565
547203
769560
153661
765932
257248
503051
369983
945159
481245
418110
118886
987197
962669
854693
527620
768229
583278
937971
163491
183545
136252
669932
572726
967805
781943
291965
609525
590789
670143
352546
138630
614886
578180
334946
750600
439236
552309
560180
177542
676046
686167
557512
478858
799921
408990
212241
809694
339668
799906
484852
174715
387225
692366
152764
819652
910977
891937
510031
716244
244141
926088
458370
449664
347537
260544
713993
800690
749572
392543
218930
648439
888004
549761
633117
129142
189862
277759
376085
400732
360032
685306
888810
192827
139902
151939
475411
820583
867999
901404
806896
548367
892875
324822
149413
760044
323073
227390
166779
648069
150228
823763
258264
553943
180557
741430
723338
591300
358613
264460
904470
204863
407648
474702
521496
865205
478536
849582
576816
761852
346391
450232
205979
269836
642273
391950
581942
237583
393221
305701
247188
746948
750832
626368
699859
600849
163830
715401
830262
477307
662176
197893
909168
121439
987708
699387
452864
198068
184183
700353
329130
599071
133709
350045
535689
170331
242025
144354
362634
770651
160762
186769
719780
130194
563808
461397
991421
248074
305982
567046
149681
544398
683908
633045
999620
791256
976234
844815
621464
753860
330318
534576
379313
936894
375501
203307
273729
596580
615173
954025
222232
374942
457929
868426
176352
412869
815718
875728
156555
191993
314265
412568
579570
108795
943925
529924
624495
176526
201594
536980
560642
738135
810444
185804
652399
441667
931403
741065
731854
109662
220118
430456
937934
517851
886246
724696
377074
231035
245488
701733
763105
529342
343937
370240
303822
671639
119229
693106
381453
664491
261557
400955
295574
985091
633633
403382
449409
473545
496492
197725
104034
195271
846518
775246
448088
485390
504308
741538
739650
611817
531268
327316
777156
852683
405053
733224
931682
981285
286035
988447
479417
919902
793140
308746
624408
395330
337690
111892
323754
845572
986381
711982
961967
405449
301384
281846
568216
874430
147062
500217
448482
562097
123120
269972
419366
368952
928189
506551
401763
502858
535184
523679
564865
722079
552049
975123
508848
888439
664592
800598
836659
677137
351210
577355
267553
900732
624756
379065
789203
549593
897757
299032
607279
713858
768385
444145
587212
400124
194548
206268
401949
878784
742297
565692
473615
491933
613361
845576
888385
639021
482358
463987
930129
724202
959639
448874
992780
571188
382691
257421
758402
963960
496418
607307
114217
778428
667772
130972
722114
937501
718220
265266
992674
105677
825587
283914
360260
859182
957430
102911
886566
245403
497652
280060
200924
634655
309704
480583
125792
605042
907863
245797
259290
885316
412227
754515
779341
627053
815565
235236
398589
938187
369856
659314
258476
898012
420703
484438
478563
396046
150911
638357
665495
126599
328825
240641
306178
234777
989977
163054
462938
592015
535052
637912
204845
402000
855076
521664
864281
300864
677584
612424
709310
241045
967621
254982
161508
896304
793727
945435
522237
142164
947912
274159
452606
992378
432276
588959
873415
105298
682736
515618
703261
867179
567128
944227
142445
321446
843215
855391
866603
100164
964942
312371
623281
141050
293942
768326
916028
197208
686436
799588
928042
275254
984279
833269
365897
682473
520304
442504
564291
854354
904656
358891
160923
421033
797616
376754
212954
825676
553548
954406
993489
208246
172519
330029
673133
730791
878373
241773
317255
731069
325129
991288
725004
544420
747714
559032
989563
148220
363966
496004
617257
861542
683734
111311
122660
558814
769497
670641
568136
544865
998716
364044
176878
443796
567180
656595
331351
266731
569720
405265
465261
104854
618118
643739
129719
487671
227424
172273
179575
748129
880844
275770
221765
882551
798631
233131
497416
924699
802112
736975
423057
168090
117534
539183
173729
896456
328364
125872
134981
894853
342143
861180
702170
216147
709345
891681
869267
185693
323988
812213
305854
158050
332686
145668
118592
367013
392833
449026
793880
477536
433793
666536
878861
511877
281705
592598
457069
437724
878005
449689
546807
458979
739031
279093
405731
831113
333635
133170
575628
418987
852643
494931
571141
810032
699986
663671
283809
662796
536471
176887
551902
719727
268049
790499
463011
213964
374450
963865
354659
720815
984039
326763
175939
897722
696386
638302
476015
175941
686924
413314
193895
734573
473645
211118
330603
266581
381377
981730
131441
461189
124409
514304
704421
545692
167472
872578
679154
176813
381496
109699
467977
832873
329531
220822
735086
474667
562912
175045
772578
218542
609065
551640
291052
833846
193592
639694
519549
675638
242160
558548
648115
412447
582156
106060
467811
512510
227585
302996
112838
994603
849435
976685
193948
290613
956699
158457
186820
649651
172952
630329
640262
429928
228314
444372
583655
626509
457000
372431
651375
841271
352680
486571
206982
141069
338397
140713
143841
421554
571117
224812
466183
688077
449932
844155
969766
366646
242221
122904
729015
291617
128311
925574
235072
389540
732816
149345
498205
934124
718415
182347
552586
414846
960813
141945
322774
400115
243568
284928
807489
529593
394610
568164
986728
998404
974142
504473
840044
986755
167252
403187
328884
126076
654831
804835
122353
953987
144359
883393
205960
638681
660355
350577
640940
362724
500508
497271
699708
353224
666480
594953
286641
576356
736348
191245
683213
390640
339086
441913
569909
972520
353774
900318
380219
907830
326890
194180
679571
897997
477579
183170
486253
867558
890995
166907
524106
769004
584617
820931
914009
170020
950427
137690
242672
626788
729441
487626
525162
783816
558735
487078
756427
210504
756161
160051
166372
640926
536094
758571
906603
973006
563663
143472
902564
174842
964370
345458
715111
713116
491951
407310
982774
747143
746710
130281
555805
733600
210030
948966
819673
430877
707721
101375
925614
107997
972478
162769
439924
605616
184990
321530
930406
661727
139740
574934
833522
572343
128317
144188
667173
358148
976530
265655
244510
619853
875421
600318
324246
643668
980499
171263
884666
708004
381208
170523
805063
178729
527980
782190
935267
362414
530642
261961
349483
829708
135972
350133
916341
175513
115615
785748
490085
288186
324152
356640
866896
777331
717481
177923
956558
540480
409693
733384
691410
442641
878365
467643
722324
510277
722498
906828
607132
327227
440664
954584
622556
370415
701668
531010
224676
646954
478066
695995
177412
656776
256323
328293
996692
757200
152928
504123
505014
211473
854699
135010
314751
679469
247015
866369
822363
576574
655942
421026
573618
656284
869937
586793
400036
402598
194000
504577
906126
943027
880091
961541
890518
147865
649438
738715
347081
599182
960648
894898
994506
510108
946079
649316
930824
435615
424818
387477
606648
156384
695700
261898
244242
321629
962643
914885
381481
319601
283548
545028
839901
886511
648518
900150
913204
945035
590066
827443
433341
909183
714155
334515
497098
775828
210727
252263
384543
618672
281684
482384
892248
163152
575366
735296
755797
345659
702462
817759
263524
263869
539788
343609
999011
356506
893380
735069
774221
531028
643296
896545
876138
158191
837614
364899
144957
831290
285121
850849
709674
612495
705991
683560
879722
100527
932069
320228
978623
147643
312312
805267
576089
993551
296680
500698
774661
350076
126089
230930
724834
634789
467854
283822
407903
663167
200037
198025
838873
455209
647423
447506
747998
254924
760471
631355
156770
529203
217926
505617
393277
211279
895646
568735
115614
555752
115451
117821
425679
316550
219210
890084
662265
364351
611096
784042
540579
133275
503168
305613
573301
218598
299966
297006
694404
428388
533123
273405
271134
287794
598011
900621
748333
201489
983746
126214
322043
370792
761327
488957
419539
872444
422597
637057
522322
927633
393384
383677
574329
388948
915074
568761
539943
190786
663635
634951
956741
680047
313972
965369
783656
932009
557006
961044
897933
352544
412359
275930
410592
129076
162042
972694
885843
226238
275153
105239
363977
997030
552325
469806
669468
527291
790142
823495
869263
206240
936784
882002
863164
805786
683180
978231
108595
413328
967236
650279
519809
778706
209688
711514
921591
720973
804253
926468
942225
602479
821350
990761
497751
230498
757957
571013
308951
145248
157756
709840
183275
516056
425534
941048
657959
354229
575529
194194
667219
572884
257158
353156
671705
865580
879147
358280
400539
914291
512260
466895
687182
289865
477776
791528
188594
159672
760369
189887
251867
884349
235990
952869
285415
399605
566963
323904
646184
552493
249546
233523
572230
128710
463482
320962
784721
430551
542201
941030
903040
582266
325321
488352
446924
675640
295518
868299
208469
138536
516579
622454
268858
376819
163763
793211
461425
578712
100633
667870
208894
431208
712415
245028
568425
866907
114752
729505
810523
505983
144380
332671
643793
719373
762865
522992
853556
677723
515567
869881
633038
553755
275852
924490
769393
481168
306555
737645
964482
174279
607595
898177
795475
946897
173033
291130
264615
991722
185252
981984
806369
499551
788458
318470
380628
347928
161798
287968
658297
278015
825906
678959
683561
833189
225589
754776
994814
127537
104874
852316
198135
597270
210004
414050
258442
466677
902226
177832
640476
837392
193686
184102
676065
486060
412311
111532
598525
522174
730789
372866
623948
677484
742054
654566
576275
436426
899221
394062
684801
477453
113456
536859
187052
882924
507435
657570
667768
561458
361137
341346
363296
319168
809579
465331
234393
181734
708964
775328
246458
901219
513359
899162
935696
482051
268625
858535
171208
323357
644020
822477
284244
842384
947227
120061
842552
605367
762608
489735
138322
308062
629712
735214
186748
237017
263660
213000
835039
831208
255545
852855
584982
307993
560804
511615
268106
348382
398609
949982
494917
349870
392317
625239
551109
955416
780453
959135
179903
673480
217518
396770
174923
778539
729916
677181
371535
624649
160287
351483
830513
682681
332029
595180
700706
940225
370159
854004
971564
665377
216655
651755
870396
987374
132689
139702
821061
469552
364873
273715
974669
540372
487187
822732
559998
975921
519038
734815
734347
564857
194533
462661
665074
447062
342843
609635
451780
704764
395509
446294
805152
979730
587266
787682
573201
758875
108022
661152
106224
619808
309047
744401
273827
283005
696158
326176
398225
449106
100999
932236
746457
507569
856846
560556
721425
625578
445877
422788
395008
769093
707595
175263
296854
902409
697517
129724
197142
175899
565601
443993
192049
915459
194662
648256
210477
282800
155801
351872
383001
100844
478934
285007
450072
828897
480124
280435
562111
828285
534392
661011
743817
331014
973846
870837
523102
645847
201712
110905
457112
467132
382575
375270
740883
455607
822200
290300
842560
897422
680164
733750
806977
699490
734201
608158
569576
752943
475006
850442
851454
392782
233984
644376
503950
720743
112821
305310
777031
800735
273948
888511
955092
308599
578367
314725
275614
540565
588590
378030
166469
392110
891270
456313
536669
403331
558545
933972
255445
766229
536612
901171
566686
447674
264300
232308
646425
886438
626065
194999
365514
804832
773623
768666
827394
892429
339312
715820
482737
640606
574127
318752
713321
395919
450546
851964
851118
640661
931747
932403
856424
695355
942338
424628
403601
808599
963728
976442
499514
358427
640354
938180
630903
570259
674397
602703
289933
131846
665974
739069
813716
607237
309048
492333
226562
932895
656288
609061
156575
498758
986932
785217
558854
216436
751320
365728
651008
884583
389065
125119
521061
922101
428462
384954
519265
103827
716820
117629
220434
622267
583295
899535
320123
744311
931326
674308
103210
329507
766930
995610
932062
640120
338250
709579
906731
733394
766584
319435
349134
781708
306514
438800
866085
228162
442975
862488
626549
194298
368282
902802
917518
872113
171760
309359
445793
290048
589465
566842
563144
890590
182596
817166
199681
587641
420157
702346
973392
231424
522172
528777
205402
884935
173784
806591
884267
978202
848373
890760
418950
531543
323934
483812
817741
351265
552943
443092
949562
645996
627960
998190
982876
807445
606308
567081
867953
846919
261640
213044
701966
781085
199024
367783
759856
153707
896253
158709
169666
814930
886419
384896
856224
111297
782877
736912
382200
949951
610693
413221
640508
577923
809434
915688
329578
196026
214124
425056
733584
621160
476831
511535
803648
820162
629594
128167
276144
867165
711003
562722
173674
900343
865352
260359
921841
117393
754083
141064
795742
288652
722033
344333
219657
405826
604220
663180
425741
689484
942061
471711
146310
726589
535232
996448
560666
227943
843468
805605
423037
476458
898780
571451
641571
309932
381136
365409
498342
804382
428495
595593
781619
117113
252547
794564
633220
788310
569539
320079
389467
792638
169273
201050
102732
817568
940256
581557
799372
494675
776266
518694
989337
902400
437210
898818
142817
872108
345367
940734
180395
501027
908413
890621
743328
491667
957410
119360
795589
224100
248155
987097
521566
367125
465243
415424
640410
432633
603884
420422
793504
304151
345187
574067
672530
617819
945423
924655
967566
236271
853758
989834
131599
307087
436563
969240
515361
423206
982959
163539
171574
544129
666525
309470
432967
296514
287717
625612
626491
929075
714216
539679
833749
742198
689052
833360
252912
683696
649320
773714
568359
998116
828934
722440
243757
539735
625182
980495
737535
960874
880904
840367
712952
191395
985803
499490
135737
353141
983673
381368
442480
282679
704232
246769
836805
596978
243778
892463
398380
820447
669166
931041
508838
529560
438960
447132
604878
412159
292923
750852
186779
176967
831991
392801
953996
759614
645765
578679
179458
236993
533256
641976
954061
885420
676394
482569
536603
229200
238958
239471
374140
677077
343252
259826
703600
500565
721822
342152
934798
302841
338725
795243
607043
321156
303428
571937
356918
824577
490750
511664
363180
677030
563061
512760
275917
711560
818943
505981
893777
464314
957238
542330
294864
680528
169307
368147
420999
665783
689618
691226
457551
334169
950732
379251
446408
720118
623921
919806
185828
642541
128670
284497
578719
802095
312570
494429
684333
515194
926325
650605
686838
731092
205033
801614
593008
415770
495600
819339
310901
366871
551310
751750
309868
682658
169279
620122
823072
454848
827748
599185
545355
180224
558849
232971
686664
541803
472038
503722
799254
401078
453376
537767
777612
832863
187361
334615
605159
553154
528539
615297
122784
122442
981557
977599
791308
587163
429514
564395
400419
500221
819071
630863
226237
635802
785224
791529
958700
330990
807661
362330
916891
554996
581068
264178
792502
641952
408234
800222
596551
959251
157731
120921
425886
416884
612744
456631
526144
347980
199826
488405
409097
355354
914342
931715
690184
753749
519039
342093
438675
220948
144465
144131
310007
919239
645441
100784
123941
319509
238952
493366
109495
906923
126355
518976
117746
792681
270742
180677
670104
259359
942963
368660
173287
466190
206378
780859
844763
662492
826467
939908
432433
418809
117056
699890
799230
986045
579850
522500
637587
785991
549323
827028
641230
433234
266423
300083
587593
602165
243359
363291
704727
208401
968497
678826
597275
405543
853199
351058
549010
673019
267566
360561
481631
439824
394829
508551
704507
873521
678782
904806
571249
524611
854996
667623
434147
798133
201366
299943
964105
909140
607668
728012
502999
956667
408189
429529
530682
840228
298788
825439
142792
149640
794767
613581
147950
291112
146699
708133
605301
478976
943372
298141
355904
223545
634739
106931
772559
916430
444847
694516
989501
527921
573182
833744
559237
362701
428956
782600
596024
797318
936002
882412
142602
538514
662600
274692
485545
815808
491989
484758
384961
808824
485502
908939
568061
731085
709203
983800
686386
774696
828326
335272
526192
403434
875509
715641
306679
736178
616569
105020
609375
911265
400289
900968
374891
461561
237020
394299
711083
716347
627063
636792
605566
478743
976475
906012
194258
424084
599247
686709
706866
504446
642234
372250
511994
921657
570712
746531
757992
821615
102766
498586
694375
105354
490453
926937
886605
381779
606449
820217
516174
882966
155482
771983
523722
238417
519029
176305
873929
222414
983491
496614
600138
285089
989280
614976
990816
190575
854635
481249
960233
181801
745757
783120
487722
954377
331027
834040
854458
843390
635035
917141
904761
525152
981845
840092
423509
123669
480005
335950
947128
659029
288656
313187
787761
438720
238439
543553
829919
332803
887339
919188
762842
